{
 "cells": [
  {
   "cell_type": "markdown",
   "metadata": {},
   "source": [
    "# Assignment 1: Numpy"
   ]
  },
  {
   "cell_type": "markdown",
   "metadata": {},
   "source": [
    "Perform the follwing tasks:\n"
   ]
  },
  {
   "cell_type": "code",
   "execution_count": 1,
   "metadata": {},
   "outputs": [],
   "source": [
    "#3.1: import the numpy library\n",
    "import numpy as np #common convention"
   ]
  },
  {
   "cell_type": "code",
   "execution_count": 2,
   "metadata": {},
   "outputs": [
    {
     "data": {
      "text/plain": [
       "array([[0.79541628, 0.6115991 , 0.0508841 , 0.80153621, 0.97859682,\n",
       "        0.71804229, 0.30348694, 0.07567331, 0.54357221, 0.35691617],\n",
       "       [0.22407788, 0.96331901, 0.73023474, 0.79169172, 0.25246688,\n",
       "        0.39151654, 0.2723538 , 0.87256881, 0.43375959, 0.70893001],\n",
       "       [0.34129957, 0.21421909, 0.00326712, 0.99539228, 0.30414682,\n",
       "        0.06253958, 0.83043845, 0.68973151, 0.71277637, 0.95527947],\n",
       "       [0.13902187, 0.96764227, 0.47311603, 0.06799207, 0.34724495,\n",
       "        0.63024505, 0.52495666, 0.27849716, 0.16427169, 0.39332025],\n",
       "       [0.7956952 , 0.61829349, 0.8894295 , 0.74132223, 0.95842764,\n",
       "        0.56014711, 0.87413695, 0.09858975, 0.74636009, 0.29717319],\n",
       "       [0.22750624, 0.52421764, 0.55994825, 0.21220304, 0.93391568,\n",
       "        0.15504021, 0.02688323, 0.14454654, 0.84684987, 0.51361106],\n",
       "       [0.23946059, 0.25691621, 0.66654306, 0.95232963, 0.06700181,\n",
       "        0.3256592 , 0.17811161, 0.40867576, 0.04524465, 0.11500294],\n",
       "       [0.56109186, 0.65963073, 0.73977988, 0.39179065, 0.64833488,\n",
       "        0.8755109 , 0.43834629, 0.15878653, 0.14132642, 0.7150376 ],\n",
       "       [0.25705099, 0.84782506, 0.99949548, 0.88639267, 0.6822995 ,\n",
       "        0.00522168, 0.59489276, 0.43422713, 0.50017744, 0.25453138],\n",
       "       [0.51016362, 0.76421294, 0.19511465, 0.07975668, 0.9976255 ,\n",
       "        0.61193907, 0.98423417, 0.15958171, 0.85882971, 0.41656865]])"
      ]
     },
     "execution_count": 2,
     "metadata": {},
     "output_type": "execute_result"
    }
   ],
   "source": [
    "#3.2: create a random 10x10 array named A\n",
    "A=np.random.rand(10,10)\n",
    "A"
   ]
  },
  {
   "cell_type": "code",
   "execution_count": 3,
   "metadata": {},
   "outputs": [
    {
     "data": {
      "text/plain": [
       "array([[0.22407788, 0.96331901, 0.73023474, 0.79169172, 0.25246688,\n",
       "        0.39151654, 0.2723538 , 0.87256881, 0.43375959, 0.70893001],\n",
       "       [0.13902187, 0.96764227, 0.47311603, 0.06799207, 0.34724495,\n",
       "        0.63024505, 0.52495666, 0.27849716, 0.16427169, 0.39332025],\n",
       "       [0.22750624, 0.52421764, 0.55994825, 0.21220304, 0.93391568,\n",
       "        0.15504021, 0.02688323, 0.14454654, 0.84684987, 0.51361106],\n",
       "       [0.56109186, 0.65963073, 0.73977988, 0.39179065, 0.64833488,\n",
       "        0.8755109 , 0.43834629, 0.15878653, 0.14132642, 0.7150376 ],\n",
       "       [0.51016362, 0.76421294, 0.19511465, 0.07975668, 0.9976255 ,\n",
       "        0.61193907, 0.98423417, 0.15958171, 0.85882971, 0.41656865]])"
      ]
     },
     "execution_count": 3,
     "metadata": {},
     "output_type": "execute_result"
    }
   ],
   "source": [
    "#3.3: return only the odd rows of A\n",
    "A[1::2]"
   ]
  },
  {
   "cell_type": "code",
   "execution_count": 4,
   "metadata": {},
   "outputs": [
    {
     "data": {
      "text/plain": [
       "array([[3.64571713, 2.6048101 , 2.57566541, 1.98338516, 3.77515091,\n",
       "        2.38814359, 1.59486908, 2.94159876, 2.73190184, 3.2890061 ],\n",
       "       [2.6048101 , 3.88151978, 2.98895202, 2.43310649, 3.33009736,\n",
       "        2.29423668, 2.19251261, 2.94416432, 3.41855995, 2.62272067],\n",
       "       [2.57566541, 2.98895202, 3.83557478, 1.58984097, 3.08115575,\n",
       "        1.91302337, 1.69952491, 2.23448587, 2.75595659, 2.69705673],\n",
       "       [1.98338516, 2.43310649, 1.58984097, 2.23673441, 2.59178349,\n",
       "        1.63573835, 1.15048878, 2.44863752, 2.24498936, 2.50628494],\n",
       "       [3.77515091, 3.33009736, 3.08115575, 2.59178349, 5.00761013,\n",
       "        2.96486404, 2.15877667, 3.63132544, 3.94346237, 4.05091432],\n",
       "       [2.38814359, 2.29423668, 1.91302337, 1.63573835, 2.96486404,\n",
       "        2.5839388 , 1.03878305, 2.23371877, 2.52177029, 2.66021175],\n",
       "       [1.59486908, 2.19251261, 1.69952491, 1.15048878, 2.15877667,\n",
       "        1.03878305, 1.79911423, 1.73018846, 2.17245176, 1.11792082],\n",
       "       [2.94159876, 2.94416432, 2.23448587, 2.44863752, 3.63132544,\n",
       "        2.23371877, 1.73018846, 3.38618096, 2.81950413, 3.02450392],\n",
       "       [2.73190184, 3.41855995, 2.75595659, 2.24498936, 3.94346237,\n",
       "        2.52177029, 2.17245176, 2.81950413, 3.89253987, 2.91904914],\n",
       "       [3.2890061 , 2.62272067, 2.69705673, 2.50628494, 4.05091432,\n",
       "        2.66021175, 1.11792082, 3.02450392, 2.91904914, 4.16374637]])"
      ]
     },
     "execution_count": 4,
     "metadata": {},
     "output_type": "execute_result"
    }
   ],
   "source": [
    "#3.4: perform a matrix multiplication of A with it's transposed\n",
    "np.dot(A,A.T)"
   ]
  },
  {
   "cell_type": "code",
   "execution_count": 5,
   "metadata": {},
   "outputs": [
    {
     "data": {
      "text/plain": [
       "array([[ 4.01443612e-01,  3.01524465e+00, -8.72111828e-01,\n",
       "        -2.68889873e+00,  2.04538408e+00, -1.99356779e+00,\n",
       "        -3.11302926e+00,  7.15034967e-01, -5.05894483e-02,\n",
       "        -2.74811619e-01],\n",
       "       [ 8.74686203e-01,  2.21874948e-01,  2.06203775e-01,\n",
       "         2.25116713e+00,  1.19361139e+00, -8.99603805e-02,\n",
       "        -1.61193197e+00, -1.21923673e+00,  7.84768343e-02,\n",
       "        -1.97613955e+00],\n",
       "       [-8.09485906e-01,  1.36737150e-01, -2.61598377e-01,\n",
       "        -2.28895507e-01,  6.72553340e-01,  3.01718871e-01,\n",
       "         2.19041911e-01,  3.58610832e-01, -8.97220073e-02,\n",
       "        -1.96112347e-01],\n",
       "       [ 6.86601594e-01, -1.49480222e+00,  8.56961520e-01,\n",
       "         1.96505599e+00,  1.26680120e-01,  6.93226401e-01,\n",
       "         9.87450260e-01, -9.46340157e-01, -5.71287361e-02,\n",
       "        -1.42336118e+00],\n",
       "       [ 3.36083230e-02, -3.75086298e-01, -8.26232728e-01,\n",
       "        -3.06010726e+00, -3.33539114e+00, -3.01882672e-01,\n",
       "         1.00154747e+00,  2.07934895e+00,  2.06023356e+00,\n",
       "         3.04067853e+00],\n",
       "       [-1.59768620e-01, -9.26769818e-01,  4.40061720e-03,\n",
       "         1.18235440e+00, -4.63247172e-01,  8.73649399e-01,\n",
       "         2.38287219e+00, -3.42471847e-01, -1.41084029e+00,\n",
       "         6.32995094e-01],\n",
       "       [-4.66426883e-01, -7.25241962e-01,  3.98844574e-01,\n",
       "         2.12318846e-01, -1.34988686e-01, -5.56699838e-01,\n",
       "         2.18240454e-01,  1.82265212e-01,  4.79309234e-01,\n",
       "         6.35482175e-01],\n",
       "       [-7.17717302e-01,  2.63809909e+00, -1.58722217e+00,\n",
       "        -5.14016858e+00, -2.71678866e+00, -1.61268543e+00,\n",
       "         7.14933108e-01,  1.91999473e+00,  1.11779823e+00,\n",
       "         4.36892637e+00],\n",
       "       [-1.43364856e-01, -1.90674419e-01,  6.11155087e-01,\n",
       "         2.37212288e+00,  2.24671383e+00,  1.52702658e+00,\n",
       "         3.99999348e-01, -2.34659680e+00, -2.07077914e+00,\n",
       "        -1.49666227e+00],\n",
       "       [-2.18282907e-02, -5.21863654e-01,  1.02615584e+00,\n",
       "         1.06275347e+00,  3.62085771e-01,  5.56939147e-01,\n",
       "        -1.03522834e+00,  5.69361393e-01, -1.81917028e-01,\n",
       "        -1.57458225e+00]])"
      ]
     },
     "execution_count": 5,
     "metadata": {},
     "output_type": "execute_result"
    }
   ],
   "source": [
    "#3.5: compute the matrix inverse of A\n",
    "np.linalg.inv(A)"
   ]
  },
  {
   "cell_type": "code",
   "execution_count": 6,
   "metadata": {},
   "outputs": [
    {
     "data": {
      "text/plain": [
       "array([[0.79541628, 0.6115991 , 0.0508841 , 0.80153621, 0.97859682,\n",
       "        0.71804229, 0.30348694, 0.07567331, 0.54357221, 0.35691617],\n",
       "       [0.22407788, 0.96331901, 0.73023474, 0.79169172, 0.25246688,\n",
       "        0.39151654, 0.2723538 , 0.87256881, 0.43375959, 0.70893001],\n",
       "       [0.34129957, 0.21421909, 0.00326712, 0.99539228, 0.30414682,\n",
       "        0.06253958, 0.83043845, 0.68973151, 0.71277637, 0.95527947],\n",
       "       [0.13902187, 0.96764227, 0.47311603, 0.06799207, 0.34724495,\n",
       "        0.63024505, 0.52495666, 0.27849716, 0.16427169, 0.39332025],\n",
       "       [0.7956952 , 0.61829349, 0.8894295 , 0.74132223, 0.95842764,\n",
       "        0.56014711, 0.87413695, 0.09858975, 0.74636009, 0.29717319],\n",
       "       [0.22750624, 0.52421764, 0.55994825, 0.21220304, 0.93391568,\n",
       "        0.15504021, 0.02688323, 0.14454654, 0.84684987, 0.51361106],\n",
       "       [0.23946059, 0.25691621, 0.66654306, 0.95232963, 0.06700181,\n",
       "        0.3256592 , 0.17811161, 0.40867576, 0.04524465, 0.11500294],\n",
       "       [0.56109186, 0.65963073, 0.73977988, 0.39179065, 0.64833488,\n",
       "        0.8755109 , 0.43834629, 0.15878653, 0.14132642, 0.7150376 ],\n",
       "       [0.25705099, 0.84782506, 0.99949548, 0.88639267, 0.6822995 ,\n",
       "        0.00522168, 0.59489276, 0.43422713, 0.50017744, 0.25453138],\n",
       "       [0.51016362, 0.76421294, 0.19511465, 0.07975668, 0.9976255 ,\n",
       "        0.61193907, 0.98423417, 0.15958171, 0.85882971, 0.41656865]])"
      ]
     },
     "execution_count": 6,
     "metadata": {},
     "output_type": "execute_result"
    }
   ],
   "source": [
    "A"
   ]
  },
  {
   "cell_type": "code",
   "execution_count": 7,
   "metadata": {},
   "outputs": [
    {
     "data": {
      "text/plain": [
       "array([[0.39770814, 0.30579955, 0.0508841 , 0.4007681 , 0.48929841,\n",
       "        0.35902114, 0.30348694, 0.07567331, 0.2717861 , 0.35691617],\n",
       "       [0.22407788, 0.48165951, 0.36511737, 0.39584586, 0.25246688,\n",
       "        0.39151654, 0.2723538 , 0.43628441, 0.43375959, 0.354465  ],\n",
       "       [0.34129957, 0.21421909, 0.00326712, 0.49769614, 0.30414682,\n",
       "        0.06253958, 0.41521923, 0.34486576, 0.35638819, 0.47763974],\n",
       "       [0.13902187, 0.48382114, 0.47311603, 0.06799207, 0.34724495,\n",
       "        0.31512253, 0.26247833, 0.27849716, 0.16427169, 0.39332025],\n",
       "       [0.3978476 , 0.30914674, 0.44471475, 0.37066111, 0.47921382,\n",
       "        0.28007356, 0.43706848, 0.09858975, 0.37318004, 0.29717319],\n",
       "       [0.22750624, 0.26210882, 0.27997413, 0.21220304, 0.46695784,\n",
       "        0.15504021, 0.02688323, 0.14454654, 0.42342494, 0.25680553],\n",
       "       [0.23946059, 0.25691621, 0.33327153, 0.47616482, 0.06700181,\n",
       "        0.3256592 , 0.17811161, 0.40867576, 0.04524465, 0.11500294],\n",
       "       [0.28054593, 0.32981537, 0.36988994, 0.39179065, 0.32416744,\n",
       "        0.43775545, 0.43834629, 0.15878653, 0.14132642, 0.3575188 ],\n",
       "       [0.25705099, 0.42391253, 0.49974774, 0.44319633, 0.34114975,\n",
       "        0.00522168, 0.29744638, 0.43422713, 0.25008872, 0.25453138],\n",
       "       [0.25508181, 0.38210647, 0.19511465, 0.07975668, 0.49881275,\n",
       "        0.30596953, 0.49211708, 0.15958171, 0.42941485, 0.41656865]])"
      ]
     },
     "execution_count": 7,
     "metadata": {},
     "output_type": "execute_result"
    }
   ],
   "source": [
    "#3.6: divide all entries of A which are lager than 0.5 by 2 (hint: use where() )\n",
    "mask = A > 0.5\n",
    "indice=np.where(mask)\n",
    "A[indice]=A[indice]/2\n",
    "A"
   ]
  }
 ],
 "metadata": {
  "kernelspec": {
   "display_name": "Python 3",
   "language": "python",
   "name": "python3"
  },
  "language_info": {
   "codemirror_mode": {
    "name": "ipython",
    "version": 3
   },
   "file_extension": ".py",
   "mimetype": "text/x-python",
   "name": "python",
   "nbconvert_exporter": "python",
   "pygments_lexer": "ipython3",
   "version": "3.8.5"
  }
 },
 "nbformat": 4,
 "nbformat_minor": 4
}
